3
1,128,1
0.6290256381034851
0.7285289168357849
0.7776955366134644
0.7685815691947937
0.7537325024604797
0.7506265640258789
0.7399281263351440
0.7463917732238770
0.7384899854660034
0.7473204731941223
0.7442601919174194
0.7389094233512878
0.7482412457466125
0.7343621850013733
0.7752449512481689
0.7379404902458191
0.7426691055297852
0.7462016940116882
0.7561510801315308
0.7284005284309387
0.7530764937400818
0.7788900732994080
0.7702474594116211
0.7733860015869141
0.7610644698143005
0.7652590870857239
0.7375436425209045
0.7536857724189758
0.7476333975791931
0.7553957700729370
0.7724234461784363
0.7577641010284424
0.7446551322937012
0.7678579688072205
0.7418845295906067
0.7819938063621521
0.7392378449440002
0.7380554080009460
0.7680131196975708
0.7384957671165466
0.7320080399513245
0.7419669628143311
0.7324814200401306
0.7522033452987671
0.7505376935005188
0.7445524334907532
0.7330277562141418
0.7129567265510559
0.7425458431243896
0.7494142651557922
0.7288068532943726
0.7584592103958130
0.7462540268898010
0.7565163373947144
0.7463150620460510
0.7177424430847168
0.7426302433013916
0.7434940934181213
0.7680037617683411
0.7194896340370178
0.7509208917617798
0.7098560929298401
0.7036315798759460
0.7646595835685730
0.7494306564331055
0.7229019403457642
0.7688978910446167
0.7044919729232788
0.7581531405448914
0.7361000180244446
0.7331116199493408
0.7422363162040710
0.7318858504295349
0.7492213249206543
0.7633526325225830
0.7367711663246155
0.7433453798294067
0.7415759563446045
0.7226221561431885
0.7344226241111755
0.7435454130172729
0.7220011353492737
0.7336670160293579
0.7093620300292969
0.6975325345993042
0.7576726078987122
0.7283033132553101
0.7303724288940430
0.7266925573348999
0.7296459674835205
0.7345344424247742
0.7344502210617065
0.7248001098632812
0.6955083012580872
0.6977058649063110
0.7249197959899902
0.7387301921844482
0.7043715119361877
0.7010877132415771
0.7350876927375793
0.7581175565719604
0.7535237073898315
0.7339935302734375
0.7408022284507751
0.7014628648757935
0.7071053385734558
0.7144525647163391
0.7291725873947144
0.7414946556091309
0.6971665024757385
0.7124757766723633
0.6964728236198425
0.6837329864501953
0.6725017428398132
0.7351799607276917
0.7387058138847351
0.6840268373489380
0.6949377059936523
0.7251530289649963
0.7587775588035583
0.6960259079933167
0.7599149942398071
0.6868519186973572
0.6960994005203247
0.6844646930694580
0.6892292499542236
0.5854360461235046
0.5545918941497803
