3
1,128,1
2.5894429683685303
1.3852241039276123
1.2607502937316895
1.2963694334030151
1.2550983428955078
1.2944245338439941
1.3242955207824707
1.3770134449005127
1.3400636911392212
1.3474941253662109
1.3153055906295776
1.4032580852508545
1.3022530078887939
1.3300561904907227
1.2340238094329834
1.3613553047180176
1.3333503007888794
1.3227542638778687
1.2908953428268433
1.4062595367431641
1.2826991081237793
1.2617330551147461
1.3093119859695435
1.2613050937652588
1.2554844617843628
1.2874993085861206
1.3414399623870850
1.3297315835952759
1.3365057706832886
1.2905495166778564
1.2874199151992798
1.2924386262893677
1.3367785215377808
1.2947614192962646
1.3339889049530029
1.2875596284866333
1.3868448734283447
1.3679754734039307
1.3091781139373779
1.3745541572570801
1.3891522884368896
1.3957587480545044
1.4463496208190918
1.3354800939559937
1.3664128780364990
1.3837814331054688
1.4562596082687378
1.5387575626373291
1.4011133909225464
1.4089972972869873
1.4672977924346924
1.3577228784561157
1.4641813039779663
1.3738546371459961
1.4589750766754150
1.5098598003387451
1.4092038869857788
1.4848110675811768
1.3992779254913330
1.4932183027267456
1.4991644620895386
1.5256078243255615
1.7052719593048096
1.4392668008804321
1.4934794902801514
1.5655400753021240
1.4750285148620605
1.7733036279678345
1.4516167640686035
1.5548498630523682
1.5610694885253906
1.5389256477355957
1.5612893104553223
1.5089865922927856
1.4563382863998413
1.5433778762817383
1.5302906036376953
1.5309329032897949
1.5712711811065674
1.6063518524169922
1.6145733594894409
1.6495701074600220
1.5780764818191528
1.7695603370666504
1.7056869268417358
1.6483050584793091
1.6127609014511108
1.6048020124435425
1.6261683702468872
1.6380975246429443
1.5896886587142944
1.5971547365188599
1.6607483625411987
1.7359836101531982
1.7699375152587891
1.6833480596542358
1.5602182149887085
1.6648876667022705
1.6923161745071411
1.6390738487243652
1.5083290338516235
1.5548965930938721
1.6023073196411133
1.5395447015762329
1.7538750171661377
1.7723379135131836
1.6599081754684448
1.6300284862518311
1.5565086603164673
1.7367424964904785
1.7361383438110352
1.8495033979415894
1.8192819356918335
1.9086039066314697
1.6687151193618774
1.6835312843322754
1.8101184368133545
1.8217083215713501
1.6464613676071167
1.5250587463378906
1.7345973253250122
1.5237523317337036
1.7838554382324219
1.7379175424575806
1.8152575492858887
1.8017604351043701
2.2028102874755859
2.4630813598632812
