2
12,128
585672.4375000000000000 2206627.5000000000000000 2850016.5000000000000000 2253943.5000000000000000 2512990.5000000000000000 2438069.0000000000000000 2103864.7500000000000000 2299900.0000000000000000 2371677.5000000000000000 2723566.0000000000000000 3018755.0000000000000000 2298277.0000000000000000 2954777.5000000000000000 2657088.0000000000000000 2616100.5000000000000000 2900997.2500000000000000 3015258.0000000000000000 2845156.5000000000000000 3031943.0000000000000000 2944963.5000000000000000 3261098.2500000000000000 2944050.5000000000000000 3494697.5000000000000000 2646074.7500000000000000 2704729.7500000000000000 2992658.7500000000000000 2541574.0000000000000000 3269322.5000000000000000 3484459.0000000000000000 3428261.5000000000000000 3737403.5000000000000000 3780670.7500000000000000 4046821.0000000000000000 3740426.0000000000000000 3893431.5000000000000000 3295566.0000000000000000 4145983.7500000000000000 3898705.0000000000000000 4429570.0000000000000000 3979328.0000000000000000 4136168.7500000000000000 4126224.0000000000000000 4692530.0000000000000000 4676406.5000000000000000 4387774.5000000000000000 4668721.5000000000000000 4333142.0000000000000000 4697903.0000000000000000 4407202.0000000000000000 4309999.0000000000000000 4708325.0000000000000000 4204775.0000000000000000 4763471.5000000000000000 4749480.0000000000000000 4752286.0000000000000000 4835707.0000000000000000 5375494.0000000000000000 5223602.0000000000000000 5209040.0000000000000000 5299390.5000000000000000 5352852.0000000000000000 5863313.0000000000000000 5622925.0000000000000000 6133925.0000000000000000 5321558.5000000000000000 5363749.0000000000000000 5105556.0000000000000000 5975683.0000000000000000 5657093.0000000000000000 5993504.0000000000000000 5481137.5000000000000000 5532888.0000000000000000 5849010.0000000000000000 5760265.5000000000000000 5141205.0000000000000000 5240439.0000000000000000 5337000.5000000000000000 4897628.0000000000000000 4897862.0000000000000000 4828165.0000000000000000 5122030.5000000000000000 5288413.0000000000000000 5689685.0000000000000000 5507481.0000000000000000 5524930.0000000000000000 6032076.0000000000000000 5969654.0000000000000000 6047051.0000000000000000 5949108.0000000000000000 5671356.0000000000000000 6237432.5000000000000000 5863731.0000000000000000 5962818.0000000000000000 5771435.0000000000000000 5765011.5000000000000000 6318878.0000000000000000 6465153.0000000000000000 7484025.0000000000000000 5736862.0000000000000000 5277888.0000000000000000 5842935.0000000000000000 6588292.0000000000000000 5935478.0000000000000000 5338971.5000000000000000 5371958.0000000000000000 4970327.5000000000000000 5346708.0000000000000000 5714919.0000000000000000 5058238.0000000000000000 5078933.0000000000000000 5542177.0000000000000000 5526128.5000000000000000 5294348.0000000000000000 5156101.0000000000000000 4815745.5000000000000000 6055007.5000000000000000 5557089.0000000000000000 5722101.0000000000000000 4949092.0000000000000000 5065525.0000000000000000 4901821.5000000000000000 5098653.0000000000000000 5116956.0000000000000000 5698933.0000000000000000 5028900.0000000000000000 4848759.0000000000000000 5576261.5000000000000000 7162821.0000000000000000
1555278.5000000000000000 1480119.3750000000000000 1838841.7500000000000000 1771110.7500000000000000 1829385.7500000000000000 1894916.2500000000000000 1951669.3750000000000000 2129289.5000000000000000 2258660.0000000000000000 1994863.2500000000000000 2213523.5000000000000000 1730580.5000000000000000 1783309.2500000000000000 1882927.7500000000000000 1789378.2500000000000000 1794050.1250000000000000 1782758.2500000000000000 1977207.0000000000000000 2256970.5000000000000000 1858090.7500000000000000 2078855.6250000000000000 2090181.0000000000000000 2088970.0000000000000000 1767168.0000000000000000 2193061.0000000000000000 1792644.3750000000000000 1882512.7500000000000000 1866581.3750000000000000 1890130.5000000000000000 1816439.5000000000000000 1743591.1250000000000000 2240598.2500000000000000 1998328.8750000000000000 2091277.8750000000000000 1784103.3750000000000000 1742667.3750000000000000 2155313.5000000000000000 1766572.7500000000000000 1949315.5000000000000000 1955468.5000000000000000 1778562.0000000000000000 1775612.5000000000000000 1850180.3750000000000000 1795462.5000000000000000 1818839.5000000000000000 1826299.1250000000000000 1740092.5000000000000000 1803585.5000000000000000 1961093.5000000000000000 1930036.7500000000000000 1983130.5000000000000000 2003346.5000000000000000 1851669.2500000000000000 1898728.3750000000000000 1934659.0000000000000000 1854703.2500000000000000 1849269.5000000000000000 1920582.2500000000000000 1929688.1250000000000000 2095482.8750000000000000 2111510.5000000000000000 2115346.5000000000000000 2122324.7500000000000000 2213484.0000000000000000 2327271.0000000000000000 2199879.5000000000000000 2180782.0000000000000000 2203830.5000000000000000 2155176.7500000000000000 2037474.2500000000000000 2042811.7500000000000000 2111629.5000000000000000 2186275.0000000000000000 2221845.2500000000000000 2222016.0000000000000000 2210753.0000000000000000 2335584.5000000000000000 2313213.0000000000000000 2383925.0000000000000000 2356996.5000000000000000 2418914.7500000000000000 2374093.0000000000000000 2542985.0000000000000000 2366456.0000000000000000 2177498.5000000000000000 2483162.2500000000000000 2450908.5000000000000000 2621121.2500000000000000 2550956.2500000000000000 2653557.0000000000000000 2696097.5000000000000000 2715055.0000000000000000 2699955.5000000000000000 2676593.2500000000000000 2612945.7500000000000000 2755748.7500000000000000 2802165.0000000000000000 2868022.7500000000000000 2498910.0000000000000000 2499880.5000000000000000 2486699.7500000000000000 2879502.7500000000000000 2842385.7500000000000000 2669110.5000000000000000 2760197.5000000000000000 2630866.5000000000000000 2637116.0000000000000000 2943871.0000000000000000 2767695.5000000000000000 2601040.2500000000000000 2992965.0000000000000000 2678256.5000000000000000 2758562.7500000000000000 2534356.7500000000000000 2517574.2500000000000000 2892377.0000000000000000 3200401.0000000000000000 3094358.5000000000000000 2681498.0000000000000000 2595871.2500000000000000 2614554.2500000000000000 2900882.0000000000000000 2750823.7500000000000000 2897590.0000000000000000 2782156.2500000000000000 2553348.0000000000000000 2510318.5000000000000000 2997981.7500000000000000
335015.2812500000000000 877356.3125000000000000 1893514.8750000000000000 1855247.0000000000000000 1729819.5000000000000000 1574798.0000000000000000 1769267.2500000000000000 1991911.3750000000000000 1676902.3750000000000000 1603572.0000000000000000 2029409.2500000000000000 1576229.6250000000000000 1678273.2500000000000000 1715879.3750000000000000 1789006.5000000000000000 1629709.2500000000000000 1921171.5000000000000000 2057506.1250000000000000 2262980.0000000000000000 2410879.2500000000000000 2167581.2500000000000000 2315323.5000000000000000 2129249.0000000000000000 2184803.0000000000000000 2540942.7500000000000000 2609244.7500000000000000 2017029.2500000000000000 1932936.0000000000000000 2163664.5000000000000000 1759733.0000000000000000 2350180.5000000000000000 2123042.0000000000000000 2427890.5000000000000000 1994540.0000000000000000 1825119.8750000000000000 1996078.2500000000000000 1837448.1250000000000000 2081921.1250000000000000 1808679.8750000000000000 1945790.2500000000000000 1774869.5000000000000000 1742053.0000000000000000 1910802.7500000000000000 1723493.0000000000000000 2290136.0000000000000000 1888180.5000000000000000 1676804.8750000000000000 1664553.7500000000000000 1589242.2500000000000000 1948370.1250000000000000 1832145.0000000000000000 1871083.2500000000000000 1938261.1250000000000000 1755229.5000000000000000 1623525.0000000000000000 1568399.5000000000000000 1947013.8750000000000000 2162887.2500000000000000 2194316.0000000000000000 1692808.2500000000000000 1572316.8750000000000000 2370371.5000000000000000 1747597.2500000000000000 2046391.1250000000000000 1572767.2500000000000000 1688907.1250000000000000 1635821.6250000000000000 1613712.0000000000000000 1768677.1250000000000000 1626482.1250000000000000 2372198.2500000000000000 1851780.6250000000000000 1743504.5000000000000000 2393568.5000000000000000 1958946.2500000000000000 1904288.2500000000000000 1877161.6250000000000000 2681733.2500000000000000 1860179.0000000000000000 2154070.2500000000000000 1793968.6250000000000000 1781739.7500000000000000 1858358.7500000000000000 1850519.6250000000000000 1639965.5000000000000000 1890512.3750000000000000 1955958.1250000000000000 1798324.7500000000000000 1993675.5000000000000000 2144780.0000000000000000 2268548.0000000000000000 2200654.0000000000000000 2365971.7500000000000000 2161635.5000000000000000 2606436.7500000000000000 3352327.7500000000000000 2368585.5000000000000000 2126538.7500000000000000 2228403.2500000000000000 2452532.7500000000000000 2270927.5000000000000000 2863132.5000000000000000 3229947.0000000000000000 2589263.7500000000000000 2593627.5000000000000000 2546296.0000000000000000 2692464.5000000000000000 2766367.5000000000000000 2366024.5000000000000000 2406380.2500000000000000 2423452.2500000000000000 2209627.5000000000000000 2335007.0000000000000000 2161836.2500000000000000 2095968.2500000000000000 2383577.5000000000000000 2407741.0000000000000000 2202471.2500000000000000 2262055.0000000000000000 2860035.2500000000000000 3003114.0000000000000000 3204607.5000000000000000 2069816.6250000000000000 1728574.7500000000000000 1875832.2500000000000000 1803568.0000000000000000 1925220.7500000000000000 1487898.5000000000000000
328026.1250000000000000 823413.6250000000000000 1840888.3750000000000000 2183074.2500000000000000 2365427.5000000000000000 2120444.0000000000000000 2548520.5000000000000000 2640402.5000000000000000 2500562.5000000000000000 2583750.2500000000000000 2488802.7500000000000000 2953613.0000000000000000 2607273.2500000000000000 2682867.5000000000000000 2964101.7500000000000000 3143010.0000000000000000 2992732.5000000000000000 3558145.0000000000000000 3896714.7500000000000000 3765084.5000000000000000 4012223.0000000000000000 3594796.5000000000000000 3771917.0000000000000000 3337722.0000000000000000 3527402.0000000000000000 3831783.0000000000000000 3694197.0000000000000000 3337396.0000000000000000 3238597.7500000000000000 3552299.0000000000000000 3725694.2500000000000000 3633015.2500000000000000 3665562.0000000000000000 3108049.0000000000000000 3332065.5000000000000000 3334354.7500000000000000 3618226.7500000000000000 3028764.5000000000000000 3458921.2500000000000000 3378109.5000000000000000 2749264.2500000000000000 2946019.0000000000000000 3371491.0000000000000000 3278238.2500000000000000 3273820.7500000000000000 3041711.2500000000000000 2837286.0000000000000000 3228245.0000000000000000 2968366.2500000000000000 3073437.7500000000000000 3049599.2500000000000000 3093636.2500000000000000 3417422.0000000000000000 2917192.5000000000000000 3150688.5000000000000000 3207197.7500000000000000 3227027.7500000000000000 3493576.2500000000000000 3615698.2500000000000000 2937666.0000000000000000 2854864.2500000000000000 3338202.2500000000000000 3300216.0000000000000000 3217492.5000000000000000 2652652.2500000000000000 2706846.5000000000000000 2686430.2500000000000000 3227786.5000000000000000 3595968.5000000000000000 3513384.0000000000000000 3213325.5000000000000000 3492208.2500000000000000 3771872.0000000000000000 3172018.7500000000000000 4249067.0000000000000000 3207336.7500000000000000 3421414.0000000000000000 3058560.0000000000000000 3353603.2500000000000000 3148689.2500000000000000 3794944.0000000000000000 3203424.0000000000000000 3123844.7500000000000000 3507280.5000000000000000 3146308.5000000000000000 4029091.7500000000000000 4697236.0000000000000000 4317380.0000000000000000 4165227.2500000000000000 4810306.0000000000000000 4933203.0000000000000000 4804975.5000000000000000 5256116.0000000000000000 5901589.0000000000000000 5242646.0000000000000000 6147514.0000000000000000 5739971.5000000000000000 6066031.5000000000000000 5968227.0000000000000000 6853670.0000000000000000 6454991.5000000000000000 6295378.5000000000000000 7301098.5000000000000000 6859613.0000000000000000 6630101.5000000000000000 7763799.0000000000000000 7995790.5000000000000000 8482989.0000000000000000 7326353.0000000000000000 6537839.5000000000000000 8254092.0000000000000000 8110794.0000000000000000 8193242.0000000000000000 9042912.0000000000000000 8832850.0000000000000000 10250070.0000000000000000 9303748.0000000000000000 8433799.0000000000000000 10049144.0000000000000000 9845286.0000000000000000 10638344.0000000000000000 10970915.0000000000000000 9368737.0000000000000000 7717600.0000000000000000 8619736.0000000000000000 8542572.0000000000000000 8682213.0000000000000000 8943762.0000000000000000
449329.1562500000000000 614201.3125000000000000 629155.8750000000000000 643066.1250000000000000 682301.2500000000000000 777514.3750000000000000 740886.2500000000000000 701711.8125000000000000 766522.9375000000000000 816238.8125000000000000 832539.1875000000000000 775730.1250000000000000 725732.2500000000000000 772740.6250000000000000 779146.5000000000000000 751966.8750000000000000 764620.5000000000000000 800604.8750000000000000 827307.3125000000000000 830776.1250000000000000 933333.8750000000000000 908747.7500000000000000 818611.5000000000000000 794246.3750000000000000 814690.0625000000000000 735492.1250000000000000 741539.8125000000000000 705710.0000000000000000 742229.7500000000000000 724272.6250000000000000 709438.0000000000000000 672500.4375000000000000 703991.5000000000000000 753586.5000000000000000 745300.3125000000000000 693798.8750000000000000 724969.2500000000000000 800998.1875000000000000 681299.8750000000000000 644823.3750000000000000 658531.0000000000000000 723900.9375000000000000 706490.5625000000000000 706434.6250000000000000 657213.8750000000000000 680847.1250000000000000 639709.4375000000000000 716665.6250000000000000 691503.3750000000000000 652253.3750000000000000 800172.1250000000000000 647040.6250000000000000 640234.2500000000000000 737078.6250000000000000 655759.3750000000000000 661056.5625000000000000 653777.5625000000000000 745927.8125000000000000 723022.6875000000000000 681669.5000000000000000 722854.3750000000000000 835853.9375000000000000 728810.2500000000000000 689532.6875000000000000 709815.3125000000000000 628878.8125000000000000 672832.9375000000000000 667450.7500000000000000 670708.1250000000000000 634489.1250000000000000 681156.6250000000000000 686270.5625000000000000 703549.0000000000000000 565775.1250000000000000 666889.3750000000000000 666648.1250000000000000 700111.1250000000000000 567340.5000000000000000 556347.6250000000000000 552604.4375000000000000 551960.8750000000000000 501315.1250000000000000 508704.4375000000000000 556090.8750000000000000 634793.3125000000000000 525038.1250000000000000 629793.0625000000000000 517425.7812500000000000 531785.5000000000000000 537777.0625000000000000 615435.5000000000000000 503538.5000000000000000 573553.1875000000000000 482702.7187500000000000 526431.0625000000000000 516413.1250000000000000 586894.1250000000000000 524800.5000000000000000 498045.6875000000000000 462263.5000000000000000 488249.2500000000000000 516739.1250000000000000 475174.6250000000000000 539157.1250000000000000 505067.9375000000000000 466707.3437500000000000 449879.3750000000000000 476520.1875000000000000 465265.8437500000000000 494751.9375000000000000 520902.1250000000000000 477366.7500000000000000 483869.5625000000000000 467651.0625000000000000 466518.8125000000000000 474099.0937500000000000 476103.3125000000000000 464111.3125000000000000 486648.7812500000000000 471491.6875000000000000 470776.1562500000000000 457000.6562500000000000 472014.1250000000000000 460406.8125000000000000 457091.4375000000000000 455709.3125000000000000 467607.0625000000000000 509016.4375000000000000
735929.0000000000000000 992663.2500000000000000 1094062.1250000000000000 1079010.5000000000000000 1008071.1875000000000000 1229235.7500000000000000 1213379.5000000000000000 1114009.0000000000000000 1165465.3750000000000000 1299639.5000000000000000 1107814.5000000000000000 1255131.0000000000000000 1163252.2500000000000000 1081571.3750000000000000 1399692.8750000000000000 1420993.7500000000000000 1109378.2500000000000000 1194068.1250000000000000 1270306.7500000000000000 1354917.1250000000000000 1431044.0000000000000000 1339570.7500000000000000 1258637.6250000000000000 1165159.0000000000000000 1244311.5000000000000000 1226313.3750000000000000 1253308.8750000000000000 1174547.1250000000000000 1112395.6250000000000000 1300179.5000000000000000 1436960.0000000000000000 1216495.3750000000000000 1153590.7500000000000000 1114184.7500000000000000 1177718.5000000000000000 1244225.6250000000000000 1106033.0000000000000000 1035709.4375000000000000 1141199.2500000000000000 1294040.7500000000000000 1050340.6250000000000000 1427033.2500000000000000 1084988.8750000000000000 1123190.1250000000000000 1089604.2500000000000000 1109681.7500000000000000 1152821.0000000000000000 1131690.1250000000000000 1174367.7500000000000000 1188318.2500000000000000 1188359.2500000000000000 1212080.6250000000000000 1147348.5000000000000000 1223506.6250000000000000 1247794.2500000000000000 1203367.8750000000000000 1149521.3750000000000000 1323201.3750000000000000 1182000.0000000000000000 1245587.2500000000000000 1308452.0000000000000000 1282937.2500000000000000 1181397.5000000000000000 1195225.7500000000000000 1195107.8750000000000000 1354494.5000000000000000 1242979.5000000000000000 1282238.0000000000000000 1280921.1250000000000000 1318121.2500000000000000 1323913.0000000000000000 1356798.7500000000000000 1351697.7500000000000000 1469179.2500000000000000 1436734.2500000000000000 1539366.3750000000000000 1647408.0000000000000000 1478276.6250000000000000 1485388.7500000000000000 1838687.3750000000000000 1900439.0000000000000000 1737246.8750000000000000 1779787.2500000000000000 1728963.8750000000000000 1813506.2500000000000000 1771329.2500000000000000 1744154.3750000000000000 1916923.6250000000000000 2007584.5000000000000000 2130723.2500000000000000 2120989.0000000000000000 1778040.7500000000000000 1849756.2500000000000000 1967466.7500000000000000 2296473.2500000000000000 2322324.5000000000000000 2333540.5000000000000000 2280439.0000000000000000 2231589.5000000000000000 2354463.5000000000000000 2259483.0000000000000000 2662778.0000000000000000 2661517.7500000000000000 2688780.0000000000000000 2486149.0000000000000000 2636231.0000000000000000 2550183.5000000000000000 2553029.2500000000000000 2743286.7500000000000000 2925118.0000000000000000 3106271.0000000000000000 2753621.5000000000000000 2568426.0000000000000000 2508970.7500000000000000 2717823.0000000000000000 2747670.2500000000000000 2426879.5000000000000000 2782668.0000000000000000 2660895.5000000000000000 2700388.5000000000000000 2573135.7500000000000000 2617824.5000000000000000 2735244.7500000000000000 2618956.0000000000000000 2725120.0000000000000000 2607447.5000000000000000 2470355.0000000000000000 2754266.7500000000000000
854766.6875000000000000 579818.0625000000000000 605868.8750000000000000 581787.5625000000000000 563411.0625000000000000 613646.1875000000000000 568376.5625000000000000 581175.7500000000000000 510857.8125000000000000 512735.0625000000000000 515786.6562500000000000 550861.9375000000000000 598641.1250000000000000 531794.1250000000000000 534323.5625000000000000 638290.1250000000000000 580939.1250000000000000 532283.2500000000000000 552551.3125000000000000 524198.0625000000000000 554871.7500000000000000 572994.6250000000000000 654809.0625000000000000 593104.7500000000000000 539776.3750000000000000 594458.9375000000000000 509231.6875000000000000 524817.2500000000000000 603316.1250000000000000 524431.1875000000000000 555375.8125000000000000 574999.2500000000000000 571889.5000000000000000 546927.2500000000000000 512545.9687500000000000 564143.2500000000000000 552419.7500000000000000 557638.0625000000000000 534611.2500000000000000 567839.3125000000000000 562880.7500000000000000 623501.8750000000000000 555349.1875000000000000 568948.5000000000000000 588963.0000000000000000 591517.5625000000000000 592077.9375000000000000 571886.9375000000000000 614308.3750000000000000 551627.6875000000000000 567738.3125000000000000 574400.6875000000000000 592589.1250000000000000 575535.0625000000000000 600414.6875000000000000 587956.0000000000000000 547704.9375000000000000 562235.6875000000000000 541048.5000000000000000 524096.8750000000000000 622156.8750000000000000 529583.2500000000000000 519416.4375000000000000 550468.1250000000000000 519482.3437500000000000 558636.5625000000000000 577011.0000000000000000 547541.8750000000000000 563289.0000000000000000 582111.7500000000000000 559443.3750000000000000 598234.5000000000000000 605267.2500000000000000 598711.5625000000000000 607773.7500000000000000 576231.0000000000000000 610175.5000000000000000 598717.7500000000000000 626570.6875000000000000 627905.5000000000000000 636868.7500000000000000 646497.7500000000000000 686139.3750000000000000 663107.0625000000000000 679097.0625000000000000 639050.1875000000000000 676980.5000000000000000 692955.6250000000000000 692133.1875000000000000 681312.0000000000000000 654481.8750000000000000 699591.7500000000000000 704446.8750000000000000 762212.7500000000000000 747902.1250000000000000 725160.4375000000000000 822797.6875000000000000 839609.2500000000000000 830333.7500000000000000 838376.6250000000000000 847284.7500000000000000 876220.2500000000000000 930001.0000000000000000 882907.2500000000000000 940208.0000000000000000 982856.0000000000000000 1015303.7500000000000000 1096331.5000000000000000 1104103.0000000000000000 1100229.6250000000000000 1209545.0000000000000000 1162106.7500000000000000 1150985.1250000000000000 1279830.5000000000000000 1171503.5000000000000000 1233992.2500000000000000 1194757.8750000000000000 1156159.1250000000000000 1245755.7500000000000000 1297084.5000000000000000 1268270.1250000000000000 1369169.5000000000000000 1286818.5000000000000000 1303763.2500000000000000 1330138.1250000000000000 1296099.7500000000000000 1320215.0000000000000000 1398326.0000000000000000
1550354.7500000000000000 1229369.3750000000000000 1099989.6250000000000000 1167015.7500000000000000 1319736.2500000000000000 1229836.2500000000000000 1153879.5000000000000000 1050109.2500000000000000 1389620.7500000000000000 1670726.2500000000000000 1197307.3750000000000000 1447374.3750000000000000 1589220.7500000000000000 1536625.2500000000000000 1742289.0000000000000000 1226689.0000000000000000 1413923.5000000000000000 1598922.0000000000000000 1481339.5000000000000000 1661995.2500000000000000 1517105.8750000000000000 1503059.2500000000000000 1395255.5000000000000000 1137573.5000000000000000 1519467.7500000000000000 1436856.5000000000000000 1354182.7500000000000000 1717898.7500000000000000 1286736.5000000000000000 1388740.5000000000000000 1474246.0000000000000000 1399933.1250000000000000 1421079.0000000000000000 1638220.2500000000000000 1420684.2500000000000000 1471110.0000000000000000 1646075.7500000000000000 1831420.0000000000000000 1711088.7500000000000000 1513904.0000000000000000 1569836.5000000000000000 1606686.6250000000000000 1698318.2500000000000000 1604896.0000000000000000 1685104.8750000000000000 1646814.5000000000000000 1583587.2500000000000000 1761521.8750000000000000 1787599.8750000000000000 1969565.2500000000000000 1781695.2500000000000000 2070254.0000000000000000 1995321.2500000000000000 1980211.5000000000000000 1947373.0000000000000000 1829985.0000000000000000 2013739.5000000000000000 2118979.0000000000000000 2034424.7500000000000000 2369674.5000000000000000 2290049.7500000000000000 2244036.2500000000000000 2215837.0000000000000000 2238329.5000000000000000 2215942.7500000000000000 2298631.7500000000000000 2507261.0000000000000000 2444020.5000000000000000 2531857.0000000000000000 2536525.5000000000000000 2402586.0000000000000000 2616311.0000000000000000 2654418.7500000000000000 2831950.2500000000000000 2530418.5000000000000000 2585801.0000000000000000 2739299.0000000000000000 2709303.7500000000000000 2885436.5000000000000000 2770494.5000000000000000 2920712.2500000000000000 2847116.0000000000000000 2859996.0000000000000000 2686912.5000000000000000 2669543.0000000000000000 2760988.0000000000000000 2789222.5000000000000000 3143063.5000000000000000 2816368.5000000000000000 2608711.2500000000000000 2754870.2500000000000000 2709599.0000000000000000 2967371.0000000000000000 2803601.5000000000000000 2644750.2500000000000000 2701351.0000000000000000 2800739.0000000000000000 2940221.0000000000000000 2779505.7500000000000000 2490851.5000000000000000 2748925.5000000000000000 3116344.5000000000000000 2939186.7500000000000000 2639848.0000000000000000 2775243.7500000000000000 2608546.5000000000000000 2818317.2500000000000000 3066644.5000000000000000 2856882.2500000000000000 2765484.2500000000000000 2996426.2500000000000000 2663395.5000000000000000 2826346.2500000000000000 2627061.0000000000000000 2432643.7500000000000000 2573546.0000000000000000 2720129.0000000000000000 2690142.5000000000000000 2804975.7500000000000000 2555469.0000000000000000 2286293.7500000000000000 2738372.5000000000000000 2877337.2500000000000000 2865360.5000000000000000 2703866.2500000000000000 2588463.5000000000000000 2380980.5000000000000000 3046477.0000000000000000
620908.7500000000000000 1477127.1250000000000000 1522539.0000000000000000 1367571.7500000000000000 1580018.7500000000000000 1617914.3750000000000000 1520290.8750000000000000 1603567.7500000000000000 1550426.7500000000000000 1438599.7500000000000000 1667429.0000000000000000 1560064.8750000000000000 1494944.3750000000000000 1560490.7500000000000000 1627374.5000000000000000 1540098.0000000000000000 1547865.0000000000000000 1562380.2500000000000000 1544305.7500000000000000 1599684.5000000000000000 1492217.0000000000000000 1604510.1250000000000000 1546646.0000000000000000 1486942.6250000000000000 1621246.7500000000000000 1536319.2500000000000000 1459816.0000000000000000 1495453.3750000000000000 1607512.1250000000000000 1596984.1250000000000000 1429683.6250000000000000 1611512.7500000000000000 1437153.0000000000000000 1536325.2500000000000000 1701896.3750000000000000 1505713.2500000000000000 1476734.2500000000000000 1494003.7500000000000000 1494051.0000000000000000 1593743.0000000000000000 1546410.5000000000000000 1554113.5000000000000000 1761353.3750000000000000 1455027.2500000000000000 1581229.1250000000000000 1620383.0000000000000000 1445099.0000000000000000 1834284.2500000000000000 1573562.2500000000000000 1508107.5000000000000000 1620170.0000000000000000 1641059.2500000000000000 1569556.5000000000000000 1745537.7500000000000000 1568913.8750000000000000 1487785.3750000000000000 1737780.0000000000000000 1564125.7500000000000000 1680848.0000000000000000 1731805.7500000000000000 1751448.8750000000000000 1808974.2500000000000000 1810714.2500000000000000 1852129.5000000000000000 1846799.7500000000000000 2116551.0000000000000000 1978907.8750000000000000 2177677.5000000000000000 2306990.5000000000000000 2345522.2500000000000000 2260856.0000000000000000 2356503.5000000000000000 2355877.0000000000000000 2538122.0000000000000000 2569336.7500000000000000 2756708.0000000000000000 3032957.5000000000000000 2752159.2500000000000000 3177154.0000000000000000 3453263.5000000000000000 3686364.5000000000000000 3404661.2500000000000000 3514383.2500000000000000 3780962.2500000000000000 3859231.0000000000000000 3666473.0000000000000000 4232848.5000000000000000 4552761.0000000000000000 4438533.5000000000000000 5031901.0000000000000000 5402943.5000000000000000 4518730.0000000000000000 5459201.5000000000000000 5404607.5000000000000000 6251325.5000000000000000 5755668.0000000000000000 5610340.5000000000000000 6573200.5000000000000000 6304617.0000000000000000 6266288.0000000000000000 6438903.0000000000000000 6655071.0000000000000000 7000965.0000000000000000 7634991.0000000000000000 7389120.5000000000000000 7724696.0000000000000000 7547879.0000000000000000 8572943.0000000000000000 8407494.0000000000000000 8552861.0000000000000000 8225237.0000000000000000 8055736.0000000000000000 8262401.5000000000000000 7899117.0000000000000000 8343214.0000000000000000 8401589.0000000000000000 7528138.0000000000000000 8686628.0000000000000000 9331483.0000000000000000 8528560.0000000000000000 8032188.5000000000000000 7689429.0000000000000000 7326321.0000000000000000 7682650.5000000000000000 7215168.0000000000000000 6196545.0000000000000000 6026098.0000000000000000 6261982.5000000000000000
401995.8750000000000000 806868.2500000000000000 999360.1250000000000000 784294.0000000000000000 889302.2500000000000000 1161600.5000000000000000 780548.5000000000000000 1009678.3125000000000000 1236703.2500000000000000 948165.6875000000000000 871619.1250000000000000 815296.6250000000000000 879939.9375000000000000 922300.6250000000000000 961071.5000000000000000 1060684.2500000000000000 848930.2500000000000000 911183.0625000000000000 1046618.6250000000000000 1081671.3750000000000000 1104188.6250000000000000 1042959.9375000000000000 1007799.8750000000000000 902536.0625000000000000 933810.5000000000000000 879288.1250000000000000 1026140.3750000000000000 984849.3750000000000000 1017557.5625000000000000 1003326.5000000000000000 941177.6250000000000000 949714.1250000000000000 967667.0000000000000000 909820.1250000000000000 897868.1875000000000000 974291.0000000000000000 1084009.7500000000000000 1053843.7500000000000000 1166920.5000000000000000 1040439.5000000000000000 1092228.0000000000000000 1081763.0000000000000000 1163964.5000000000000000 1213949.0000000000000000 1139702.8750000000000000 1124063.2500000000000000 1109322.3750000000000000 1169423.5000000000000000 1176354.2500000000000000 1160833.3750000000000000 1203038.8750000000000000 1221567.2500000000000000 1287503.7500000000000000 1283179.5000000000000000 1284340.2500000000000000 1239286.2500000000000000 1288252.7500000000000000 1330609.7500000000000000 1277105.0000000000000000 1351872.5000000000000000 1290402.0000000000000000 1353387.0000000000000000 1382219.0000000000000000 1354956.0000000000000000 1383848.5000000000000000 1364558.3750000000000000 1367906.5000000000000000 1417669.3750000000000000 1415417.2500000000000000 1426628.5000000000000000 1493219.6250000000000000 1482181.5000000000000000 1549177.0000000000000000 1405594.7500000000000000 1396553.3750000000000000 1402703.5000000000000000 1430683.6250000000000000 1428635.0000000000000000 1412354.7500000000000000 1383561.2500000000000000 1459722.5000000000000000 1454185.7500000000000000 1398455.7500000000000000 1377708.5000000000000000 1425714.5000000000000000 1468611.0000000000000000 1450302.0000000000000000 1424747.7500000000000000 1327100.3750000000000000 1271119.5000000000000000 1225597.0000000000000000 1211757.5000000000000000 1278546.2500000000000000 1321563.1250000000000000 1292828.7500000000000000 1337897.7500000000000000 1334666.1250000000000000 1392319.8750000000000000 1455182.2500000000000000 1380392.5000000000000000 1431197.5000000000000000 1433343.7500000000000000 1401397.1250000000000000 1357417.0000000000000000 1277009.0000000000000000 1270015.3750000000000000 1273971.2500000000000000 1295839.0000000000000000 1349230.7500000000000000 1303784.5000000000000000 1338431.1250000000000000 1402741.7500000000000000 1419277.7500000000000000 1267142.7500000000000000 1333924.5000000000000000 1262875.8750000000000000 1274521.2500000000000000 1235355.5000000000000000 1118074.8750000000000000 1116658.8750000000000000 1160274.5000000000000000 1232136.0000000000000000 1302850.2500000000000000 1315946.6250000000000000 1308136.0000000000000000 1395394.2500000000000000 1218356.2500000000000000 1279884.8750000000000000
318507.5000000000000000 2746622.5000000000000000 2846093.7500000000000000 2893793.2500000000000000 2475470.5000000000000000 2789480.5000000000000000 3235665.0000000000000000 3446250.0000000000000000 2949606.5000000000000000 3419359.7500000000000000 2814194.7500000000000000 2677073.7500000000000000 3115667.0000000000000000 3954281.2500000000000000 2961584.5000000000000000 3072663.0000000000000000 3447450.2500000000000000 4060043.0000000000000000 3980022.2500000000000000 3468746.0000000000000000 3506873.0000000000000000 4191928.0000000000000000 3908248.0000000000000000 3994729.5000000000000000 4517380.0000000000000000 4112694.7500000000000000 4182955.0000000000000000 3896563.2500000000000000 3870724.5000000000000000 3716252.0000000000000000 3670248.0000000000000000 4307061.5000000000000000 3760864.7500000000000000 3580619.7500000000000000 3976810.5000000000000000 3221724.5000000000000000 3801357.0000000000000000 3212749.5000000000000000 3617923.0000000000000000 3435146.2500000000000000 3202640.7500000000000000 3578360.2500000000000000 3940319.5000000000000000 3417451.0000000000000000 3004679.0000000000000000 3115909.5000000000000000 2733457.7500000000000000 3135589.2500000000000000 3176741.0000000000000000 3163288.7500000000000000 3076978.0000000000000000 3219071.7500000000000000 3117898.0000000000000000 3228482.7500000000000000 3299236.5000000000000000 3308531.0000000000000000 3160667.0000000000000000 3376658.5000000000000000 2905494.2500000000000000 3309214.5000000000000000 3367992.0000000000000000 3622487.0000000000000000 3328299.7500000000000000 3214955.0000000000000000 2712516.5000000000000000 2748796.5000000000000000 3067236.0000000000000000 3116557.7500000000000000 3252386.2500000000000000 3693739.0000000000000000 3145781.0000000000000000 3897029.0000000000000000 3764594.7500000000000000 3332828.2500000000000000 3541898.7500000000000000 3449499.2500000000000000 4149341.0000000000000000 3336636.2500000000000000 2966088.5000000000000000 4036404.7500000000000000 3024884.5000000000000000 3145328.0000000000000000 3732059.0000000000000000 3645171.0000000000000000 3670489.7500000000000000 4166565.7500000000000000 3771335.2500000000000000 4265190.0000000000000000 4234374.0000000000000000 4519963.0000000000000000 4878937.5000000000000000 4626669.5000000000000000 4821792.0000000000000000 4072546.7500000000000000 4950729.0000000000000000 4766552.0000000000000000 4657522.0000000000000000 5323637.5000000000000000 5803856.0000000000000000 6623788.5000000000000000 5257710.5000000000000000 5753964.5000000000000000 5864527.0000000000000000 6597034.0000000000000000 6180838.5000000000000000 6911116.0000000000000000 7476530.5000000000000000 6177043.0000000000000000 6536951.0000000000000000 6524775.0000000000000000 6784985.5000000000000000 6632645.0000000000000000 5832294.5000000000000000 6775864.0000000000000000 6676274.0000000000000000 6609341.0000000000000000 6717798.5000000000000000 6671581.5000000000000000 7888779.0000000000000000 7663172.5000000000000000 6867030.0000000000000000 5829193.5000000000000000 5573340.0000000000000000 5089979.5000000000000000 5324701.0000000000000000 5259049.5000000000000000 3899654.0000000000000000 2684496.5000000000000000
4040167.5000000000000000 1239557.0000000000000000 1245139.3750000000000000 1725448.6250000000000000 1428439.3750000000000000 1307665.5000000000000000 1346038.5000000000000000 1409549.5000000000000000 1520855.1250000000000000 1266281.5000000000000000 1505107.5000000000000000 1314877.0000000000000000 1540066.1250000000000000 1412281.0000000000000000 1238388.7500000000000000 1365271.6250000000000000 1384283.8750000000000000 1492254.5000000000000000 1327505.7500000000000000 1546196.2500000000000000 1568721.6250000000000000 1439754.1250000000000000 1474047.1250000000000000 1492957.0000000000000000 1591249.0000000000000000 1378061.0000000000000000 1395997.3750000000000000 1392162.7500000000000000 1335910.2500000000000000 1425289.3750000000000000 1307743.7500000000000000 1610466.1250000000000000 1229916.7500000000000000 1231406.2500000000000000 1218482.2500000000000000 1141636.2500000000000000 1382247.2500000000000000 1123352.5000000000000000 1592577.1250000000000000 1508535.2500000000000000 1141561.6250000000000000 1408296.5000000000000000 1489410.3750000000000000 1231586.0000000000000000 1745226.5000000000000000 1228338.7500000000000000 1284723.5000000000000000 1294962.5000000000000000 1647131.3750000000000000 1501051.7500000000000000 1394704.2500000000000000 1269096.2500000000000000 1417523.6250000000000000 1505758.2500000000000000 1289808.6250000000000000 1567454.3750000000000000 1187955.8750000000000000 1409487.2500000000000000 1327718.7500000000000000 1403615.8750000000000000 1469683.5000000000000000 1715898.0000000000000000 1332017.5000000000000000 1347760.3750000000000000 1283577.5000000000000000 1247633.0000000000000000 1402925.2500000000000000 1722572.0000000000000000 1389607.7500000000000000 1671046.7500000000000000 1507821.1250000000000000 1589009.5000000000000000 1747157.7500000000000000 1641779.5000000000000000 1735776.5000000000000000 1731190.0000000000000000 1867394.2500000000000000 1790031.2500000000000000 1655710.0000000000000000 1627665.1250000000000000 1935043.8750000000000000 1724026.1250000000000000 1768793.2500000000000000 1669825.8750000000000000 1909778.8750000000000000 1855547.2500000000000000 1793822.5000000000000000 1988581.0000000000000000 1963441.0000000000000000 1833747.6250000000000000 2051138.5000000000000000 1845731.5000000000000000 1841137.8750000000000000 1739410.7500000000000000 1930372.2500000000000000 1906956.2500000000000000 1972970.7500000000000000 2592931.0000000000000000 2052350.2500000000000000 2268803.2500000000000000 2114310.5000000000000000 2340167.7500000000000000 2308076.7500000000000000 2333608.7500000000000000 1995422.5000000000000000 2241792.0000000000000000 2264306.0000000000000000 2297119.5000000000000000 2078369.6250000000000000 2060775.7500000000000000 2074677.6250000000000000 2099311.0000000000000000 2141828.5000000000000000 2075680.8750000000000000 1936792.0000000000000000 2045970.5000000000000000 1982485.3750000000000000 1945775.8750000000000000 1921443.0000000000000000 2053674.6250000000000000 1985015.1250000000000000 2094379.6250000000000000 1982631.2500000000000000 1845019.6250000000000000 2042236.3750000000000000 1873132.7500000000000000 1906194.2500000000000000 2103525.5000000000000000
